1680700 1996387951
207306499 2083100656
93736529 1927719374
68897823 1768286596
121188418 1989639155
326111445 1511589172
157387977 1939809343
18035365 2093236856
1152205636 2049433386
218022855 2000868978
355367921 1821091697
91753789 2097559495
192394954 2128329119
71953495 2091870797
23323827 1882633120
235179688 2095342607
67223873 2000202714
228398871 1212978464
26971125 2059945251
84554680 2003671079
272659205 2000639384
8302032 2093298416
4011417 2010581494
440045104 2051866307
104855139 2088548679
120685104 1970872043
227804524 2055536186
462972884 2116041414
216918980 2088662693
351624230 2020920713
48467758 2075841096
631448875 2111929957
48592361 2092080208
158670243 1932007069
21131351 1534445303
35029782 1848632016
18613141 1983997246
160827448 1680685310
253173001 2129634771
642528834 2089804614
36279243 2001421810
58823748 2007365000
4172283 1884046103
250067104 2072687444
152575442 1816842457
66901295 2145011103
328049125 1935783025
283198055 2004074451
132562828 2053489560
33344425 2074002755
409800579 2009896327
224548886 1966482482
122811319 2137891097
314766661 2095449795
350599032 1970287103
17858948 2088514429
338452752 1838705608
94591572 2102623257
339012626 2097332284
378660139 2074088650
215933624 2096538785
248084401 1465602654
138411660 2081124157
110709866 1997850403
113941905 1801826542
165918657 2045112739
254999958 2057046796
24609314 1572885271
95778379 2106538774
175450697 1876102862
158412733 1908692374
137931896 1542004530
27432845 2100852191
22275584 1772538429
54194876 2044644417
522040535 1917395231
162854649 2118623077
395296897 1588027708
130631514 2057246695
9976481 2038380923
8175726 2117957121
348273858 2119885129
24392663 2115936824
562554314 2010066228
207578767 1882625186
157795485 2073895997
3965083 1806114119
57570432 2036146036
28486680 2045947193
726316987 2099939991
327570237 2040209214
178140776 1402623003
196370168 1867763212
9248865 1966071863
256792454 2050542699
103430465 1941424608
219700589 1914699753
96251869 2123340245
376512235 2046349602
544478888 2123882576
